1 4 3522 9375 526 6377 
1 4 6377 6263 6325 9347 
2 3 9347 6257 6389 
1 7 9347 3368 3231 11366 332 13263 399 
1 3 6377 3271 3326 
2 4 9347 6325 6349 3326 
1 2 3326 241 
1 7 6469 6622 11346 9281 11264 11360 241 
1 2 6469 587 
3 2 6469 495 
1 3 495 6535 11388 
1 4 11388 247 309 3326 
1 6 495 6535 9509 405 3395 6377 
1 4 6469 6570 529 11494 
2 4 11494 3423 9575 11531 
3 3 11494 6444 6488 
2 4 11531 11547 11560 6488 
3 4 9517 6568 589 6488 
2 5 11531 563 3558 3530 9517 
3 2 9517 11499 
2 2 11499 708 
1 3 708 3705 692 
1 3 692 11653 9515 
2 5 9517 3530 6542 6712 3692 
1 4 3692 3679 6934 9655 
1 4 9655 11638 6693 692 
1 3 11499 3690 9655 
3 5 495 3398 9547 3524 6488 
2 4 9515 3299 571 11544 
1 3 692 9652 707 
1 4 707 3688 6725 9515 
2 4 11499 9545 11529 11544 
2 6 11544 9572 11417 11445 3397 6488 
1 5 6488 3524 6549 9524 3561 
3 4 3561 425 6487 3522 
1 3 3561 6513 564 
1 4 564 11431 9443 495 
1 4 6377 11493 3355 564 
1 4 6488 3524 11533 564 
3 16 3151 149 11068 9164 6095 6035 6086 9111 187 2999 11315 3215 11250 3358 11282 6380 
2 4 758 11710 9689 6734 
2 5 11805 3861 799 6924 9817 
1 7 6880 9765 3866 980 970 11768 11805 
2 3 6734 9686 11677 
1 4 11677 11692 6955 758 
1 3 9764 854 9824 
2 7 6906 9896 6817 3873 6966 6812 9764 
1 4 6906 6959 9889 4098 
1 2 4098 10024 
1 5 10024 10109 4065 11956 1176 
1 3 1176 11956 12038 
2 4 1176 7068 7198 4182 
1 3 4182 10009 9979 
2 3 4182 13231 7183 
1 2 7183 1048 
1 3 4182 13231 10094 
1 4 4182 7198 6744 875 
1 3 7183 1178 875 
2 6 9764 6812 6966 13223 3954 3816 
2 4 3816 9813 11821 915 
2 7 3938 9767 6993 9785 11766 813 3816 
1 7 3816 6878 6903 3902 11852 13233 740 
1 4 885 11852 13233 740 
1 5 3938 3794 9800 9846 11825 
1 4 11825 6936 903 885 
1 6 11825 4024 3920 726 3729 11707 
1 7 11677 11840 3725 3727 3918 918 11825 
1 5 11707 6749 9703 11688 740 
2 7 7183 4080 11749 6954 931 9925 13230 
1 6 13230 9839 9917 11820 896 3938 
1 8 1176 4095 12083 9828 9778 13229 13224 3938 
2 4 11825 9846 13232 6867 
1 5 6867 13221 11756 9839 13230 
1 5 6867 874 845 889 9817 
1 6 13230 9877 3926 844 924 11805 
2 4 10024 1093 9903 832 
1 4 4098 1093 11884 832 
1 5 832 942 9757 6914 3938 
2 4 875 3871 3810 6948 
1 5 6948 985 11780 6866 13230 
1 6 6948 6832 6800 13229 13224 3938 
1 5 3945 6879 9852 6914 3938 
1 6 6906 3799 871 7213 11737 3816 
2 7 6287 6393 3260 3325 3277 13263 399 
1 3 6364 6235 394 
1 4 241 11360 11318 9335 
1 2 9335 6336 
2 4 6469 3512 9363 6241 
1 3 6241 6286 6336 
3 2 391 9498 
1 2 9498 3262 
1 2 3262 6598 
3 2 6598 516 
2 4 587 9522 11562 11519 
1 3 11519 13068 516 
2 4 6583 11435 11470 11494 
2 3 587 3547 11494 
1 2 9559 6583 
1 2 6560 516 
1 3 516 3576 11483 
1 3 11483 3536 11548 
1 4 11506 9534 6569 485 
2 4 11506 9561 454 11420 
1 3 11420 9500 11548 
1 2 11563 9434 
2 5 11506 9523 3549 9578 11563 
2 9 11506 9523 3549 3534 553 11521 11535 3579 6449 
2 4 512 9725 9523 11506 
2 4 3671 9492 6533 512 
2 8 11506 9523 6547 11463 3509 3495 527 9495 
2 5 3552 6572 9525 11508 9495 
2 5 3671 9492 9478 503 11465 
2 3 11465 9510 6536 
2 4 6657 655 3659 3671 
2 5 620 3626 651 669 3671 
2 7 9737 11565 595 11582 629 11596 3671 
1 5 9737 11565 595 3598 620 
2 6 6766 11702 6775 11720 9717 9737 
2 3 740 6756 743 
1 4 743 9710 6777 9737 
2 5 743 11697 11699 3749 6766 
2 6 6766 11702 6775 9734 9751 620 
2 4 9824 9853 3946 6960 
1 4 6766 943 9723 6960 
2 5 6960 9898 11877 958 11834 
2 7 11834 958 11713 762 780 3589 6613 
1 3 3594 11593 6613 
2 6 3594 9607 11576 6648 3621 620 
2 7 6960 760 11709 3754 769 9748 3594 
2 6 3594 9609 667 9644 6518 512 
2 4 6613 11794 648 3652 
2 5 3652 3669 3506 11491 11506 
2 2 3652 9642 
2 3 9642 6698 698 
2 11 11506 11518 6949 3506 9490 3533 6531 9658 6698 698 678 
2 3 678 6529 9503 
2 5 9503 1346 3629 11502 9559 
2 4 11506 11518 11549 13011 
2 5 11420 454 3402 11549 13011 
2 3 11531 11502 9559 
2 3 11516 1346 9503 
2 8 11516 5291 6545 11732 551 6949 11518 11506 
2 6 383 3307 6412 9362 6345 9279 
2 13 6050 161 11082 11380 9393 6397 13265 9406 9329 9251 9410 9300 11376 
2 12 383 6331 3286 3375 3063 6188 9209 9109 11188 11082 161 6050 
1 6 9279 11376 6120 11160 11327 11215 
1 4 310 7482 10323 9340 
2 5 3152 11426 11127 11443 4640 
1 7 4640 126 3120 181 11080 6174 3151 
1 4 11105 6108 9194 3083 
1 4 3151 3060 9100 9206 
1 5 9206 6082 11056 9183 9073 
1 6 9073 67 9167 6144 9129 11105 
1 4 3501 13070 11333 6103 
1 4 9458 507 9239 6103 
1 7 540 3463 9484 6351 11471 9239 6103 
1 4 3369 11471 9239 6103 
1 5 6103 9239 6221 6270 9297 
1 3 3369 7239 9297 
3 4 6103 11374 221 271 
1 3 9297 11345 9315 
1 7 6103 11221 296 9322 364 11382 9315 
1 5 6384 6335 6399 11332 11218 
1 5 11218 9350 9237 6395 3273 
1 5 3273 9383 159 11306 9075 
1 4 3379 3242 3359 11293 
1 3 3379 3242 385 
2 7 7394 9284 6313 9310 303 3342 11293 
1 4 11370 11216 9236 9304 
1 7 310 6459 3219 6326 6249 9323 11241 
2 4 11241 323 6293 11234 
1 8 11202 11097 3053 6139 181 11080 6174 3151 
1 10 11234 9331 320 9234 11109 117 6197 79 6174 3151 
1 6 11349 11326 366 3358 11282 6380 
1 5 11349 6264 3235 9287 11234 
2 4 11370 294 11322 3331 
1 4 3331 11220 11290 306 
1 3 11241 9241 3331 
1 2 3331 9289 
1 8 383 295 11070 69 147 3007 11184 6115 
1 7 9096 6151 9036 3094 9204 9103 6115 
1 9 6115 11078 9157 27 11037 3059 9170 6145 122 
1 4 11028 9157 11078 6115 
1 5 11028 9227 11206 9139 3022 
1 3 192 6055 101 
1 7 101 3095 11155 9226 9186 3104 9108 
1 11 9108 6083 6161 9220 11067 118 11185 6063 130 205 3108 
1 10 6050 9149 3182 11091 9117 49 9051 125 9035 3108 
1 4 9197 11068 149 3151 
1 7 9197 70 11059 11153 6057 90 11159 
1 10 11159 9118 3033 11092 155 11175 6021 94 9195 3189 
1 9 3189 86 3008 9162 3121 6181 9201 11117 3134 
1 8 11105 9129 11172 3025 6138 9038 6013 3122 
1 6 9073 9183 165 11043 141 11141 
2 10 306 3362 6387 9272 11254 335 401 3327 3391 6380 
2 4 11370 216 386 3350 
2 2 6373 3350 
1 3 6373 6344 9288 
2 3 9289 3378 6373 
2 7 6373 6319 9249 3507 9568 441 6593 
2 4 6474 6493 9430 9417 
2 6 9417 585 3587 3765 3752 3734 
1 4 3734 9696 3760 719 
2 13 3672 9647 685 11633 714 9691 9694 735 9709 6781 3587 585 9417 
2 2 413 3527 
2 10 9417 11434 11450 11459 3519 3540 6591 11412 11475 3527 
2 6 6474 3479 502 6530 3531 418 
2 7 3527 9552 9489 11439 3409 9556 418 
1 5 418 9449 3492 558 3580 
1 4 11504 3557 11397 418 
2 7 525 11557 9543 11530 9519 559 11504 
2 4 525 11557 6458 11489 
2 5 9288 546 9506 3480 11489 
2 7 11489 6508 9566 3225 288 3306 3335 
2 9 3335 6252 11284 11235 11300 3263 6348 6414 6380 
2 4 3580 9260 9328 9355 
2 5 9355 9411 11242 3292 6262 
2 6 6262 6396 6290 9348 6414 6380 
2 3 413 6341 6398 
2 4 6398 6230 6279 3356 
2 7 3356 9330 11268 9282 9348 6414 6380 
2 6 3578 3426 9460 433 11408 9422 
2 7 6398 6369 9339 9312 11436 471 9422 
2 6 121 252 6356 9278 9378 6380 
2 7 121 9122 11099 2 9168 2996 9131 
2 4 9197 70 11174 3140 
2 9 3140 172 9107 3163 11083 81 9207 11189 9131 
2 12 6380 301 11362 6316 378 280 3370 3268 6392 6295 6299 11375 
2 3 11344 3303 11375 
2 11 6380 301 3290 9235 11217 214 3339 6362 6410 9407 11344 
2 7 9422 313 3304 6353 6382 9409 9258 
2 6 9258 9286 6391 11262 11394 11344 
2 9 11344 11277 3352 6374 6253 9373 11356 11243 6338 
2 11 9258 9286 11269 3317 286 3276 6302 6226 6275 9243 11225 
2 8 11225 11348 393 3357 3330 6515 9420 12128 
2 8 11225 11377 11256 3265 4324 4283 1305 1278 
2 7 6338 260 9336 3251 3300 6388 6278 
2 10 7375 11352 7346 12203 9293 370 3027 3139 272 6124 
2 13 9131 2996 11143 143 3135 9200 11075 73 3066 3103 6089 9214 6124 
1 3 3325 3277 6364 
2 5 12068 1091 11959 7214 7186 
2 4 4345 4417 10320 7433 
2 10 7433 1284 12291 4362 7379 4432 1424 7304 7644 7361 
3 3 4345 4270 3778 
2 8 3775 6797 9580 11567 3605 6625 4270 4345 
3 6 3778 3635 3661 9634 6676 6510 
2 3 9817 11673 6734 
2 4 321 11305 9320 9347 
1 8 3022 6038 3111 11049 3162 11052 46 3108 
2 3 9315 6318 6384 
2 5 6583 9418 9444 3516 516 
2 5 13011 9472 13081 3516 516 
1 7 11459 500 509 9516 533 9504 3529 
1 8 11408 9564 3539 11485 9436 3582 9504 3529 
1 4 6344 9371 9396 11230 
1 6 3122 11065 3172 66 195 11121 
1 5 9206 11162 3050 6150 3187 
1 13 3187 3030 9061 3068 9169 193 3125 6146 11079 9233 9106 6212 11121 
1 3 11141 9104 3125 
1 7 11043 9163 9056 6141 11033 3119 6138 
1 3 3025 3137 9167 
1 9 9108 6165 6125 9147 11125 11164 11081 158 11121 
1 9 9753 6620 11429 9455 6486 6516 520 11474 3529 
1 2 3943 3924 
1 9 6845 13556 13558 3824 13709 822 13719 13717 3847 
1 5 13501 3957 13506 6984 822 
1 2 13719 6929 
1 5 6845 13507 13659 9786 13660 
1 3 13659 9758 6984 
1 3 13660 13508 6892 
1 2 6892 9758 
1 8 11800 11789 9789 11769 11758 13718 13717 3847 
1 9 9789 11769 3850 847 9804 6885 11785 6869 13556 
1 2 3847 11785 
1 4 13709 6869 11799 13556 
1 5 6885 13712 11817 3697 894 
1 8 6885 6872 13711 702 3880 6899 880 11800 
1 7 6899 6705 3687 13380 6890 9825 3685 
1 12 11800 13715 9808 13651 3829 13647 971 13646 9775 13656 13654 13653 
1 10 13653 4527 10448 13579 13586 13571 13574 13577 13572 13576 
1 2 13571 13572 
1 2 13574 13577 
1 11 13480 13481 1843 13460 9834 10489 866 12439 13476 1572 13371 
1 5 13475 13474 13472 13473 13471 
1 3 13475 13373 13476 
1 4 13471 7388 13468 13469 
1 7 13460 13463 13483 13464 13467 12752 13471 
1 5 13468 1584 13376 13372 13371 
1 5 1584 13377 1556 10407 10380 
1 8 10380 10352 10520 7480 7668 4464 7524 13634 
1 5 13634 13633 13629 13626 7552 
1 6 13629 13630 13635 1643 13644 13639 
1 6 13619 13618 7451 13622 13538 10374 
1 8 13619 13616 13615 7622 13617 4600 13540 13620 
1 4 7622 13539 13624 13622 
1 4 13622 13623 13621 10374 
1 3 7451 13625 13538 
1 3 7451 10498 7622 
1 5 1550 13533 13723 13534 7590 
1 9 7590 13725 12347 13731 13535 7546 13728 13536 13727 
1 3 1550 13724 13731 
1 22 13759 1594 13751 13750 13754 13753 13752 13765 4598 13772 10484 13773 13775 7660 13771 13768 7632 13762 13761 4641 13748 13747 
1 2 13759 13747 
1 6 13742 13743 13745 13744 1635 13748 
1 9 13576 1655 10461 9682 9450 13588 12357 9657 4166 
1 17 13571 13574 13575 954 7831 12305 10457 12365 4590 10393 10339 6737 11589 1560 12456 926 4166 
1 4 13572 12437 13587 13578 
1 2 13587 1595 
1 2 1655 4437 
1 4 4437 13593 6713 13592 
1 5 10393 1527 12497 720 1655 
1 2 13574 1604 
1 2 6713 9654 
1 4 13578 9796 9810 870 
1 2 13586 13585 
1 3 13585 1881 13581 
1 3 13581 13582 10448 
1 3 13575 13573 13585 
1 3 1604 7626 12305 
1 3 9654 11637 870 
1 6 3687 9662 11648 9836 3697 894 
1 4 11799 891 3897 894 
1 2 891 13379 
1 8 7968 13548 13550 10912 10823 13552 10767 1981 
1 2 3152 567 
1 7 567 83 3174 11291 9317 9240 9340 
1 6 3219 11259 3333 3310 415 11202 
1 4 9494 11399 6484 9544 
1 4 11479 536 6580 9494 
1 12 11479 491 11427 438 462 6429 476 9435 3757 9714 9698 11670 
1 6 9427 11430 3497 562 9521 11399 
1 11 6521 9428 478 9535 11517 6534 3545 9570 6512 9457 6464 
1 5 6464 11467 9511 6462 9570 
1 4 6332 6402 3380 362 
1 4 11372 11316 9263 362 
1 8 6462 3283 3460 6558 388 11260 11288 11372 
1 4 6521 11505 3207 6282 
1 5 6282 6334 9334 9361 11372 
1 7 9511 479 584 11428 9508 11492 3544 
1 5 3544 6259 3230 3295 3380 
1 19 3649 13543 13541 9606 646 13542 679 6700 684 9660 716 3731 6751 6573 3581 3410 442 11430 9427 
1 8 3731 9690 6561 3537 11539 11554 11398 9427 
1 13 3649 11592 13545 662 11622 693 6711 6714 11676 9704 3743 11550 11427 
1 6 3581 6604 11536 9563 6571 9704 
1 7 3743 9425 6460 6431 3434 466 3410 
1 2 11536 6431 
1 21 13779 13780 7221 7204 11992 7175 4126 10110 11948 12085 1054 12060 4056 4086 1081 10115 9936 7021 1148 13781 7125 
1 2 7125 13779 
1 2 7204 10115 
1 3 4126 10085 4086 
1 5 4056 7121 11912 12011 7021 
1 23 9833 11829 11811 3851 3786 11831 3856 3983 9878 3876 784 1122 1005 1119 12096 10122 9941 10038 7130 4112 928 11848 9799 
1 4 3856 981 11898 928 
1 5 9799 11778 11867 947 3851 
1 5 7127 4109 3988 7096 7211 
1 39 6979 11998 11837 9784 6843 883 6980 6939 3966 6831 9838 925 967 11861 9924 782 6793 9582 11584 628 11595 6626 11735 11564 13252 591 11901 984 3943 3924 11816 3868 6889 9821 9809 9780 13255 3884 11767 
1 4 9904 11882 3910 9838 
1 3 819 11803 883 
1 4 13694 10027 9856 11837 
1 4 10074 3857 1156 4159 
1 3 13693 4014 4159 
1 3 9907 11889 782 
1 3 782 6606 6793 
1 4 6788 6973 1616 9907 
1 3 11833 910 9907 
1 4 11833 6946 6973 6788 
1 7 6626 599 9627 9596 596 9646 9648 
1 11 9648 9661 11666 6739 3718 557 3569 6562 3414 3583 9457 
1 12 6521 9428 6441 514 6559 11432 6440 11542 9569 11556 569 3569 
1 12 3686 705 11649 3722 568 721 3755 11683 11546 11703 3738 11670 
1 5 525 504 6497 6480 9435 
1 4 6593 3570 9533 476 
1 3 525 3543 441 
1 8 9304 3309 6306 3256 11528 6546 9452 6580 
1 5 294 3267 9341 358 3219 
1 3 9638 663 3679 
1 6 13608 12459 7462 3732 13364 6732 
1 7 719 11668 6741 9680 9677 6704 3686 
2 7 13783 13787 13785 13786 13784 13792 13791 
1 7 13785 13803 1352 13795 13801 13817 12024 
1 10 13783 13788 13802 13809 13806 13807 9802 13805 13808 13799 
1 3 13783 13789 13790 
1 2 13791 12513 
1 5 12024 4814 13829 13828 1809 
1 5 13831 13830 10588 1827 13836 
1 6 13831 13824 12642 13819 13821 13820 
1 2 7780 13820 
2 6 14035 13885 14034 14033 14032 14031 
1 5 14035 13886 14036 14038 14052 
1 9 14035 14037 14040 14041 14042 14044 13887 14061 13889 
1 4 14041 14045 14048 14043 
1 13 14052 13888 14051 14054 14055 14056 14057 14077 14076 14073 14071 14070 14069 
1 4 14043 14062 14063 14051 
1 4 14063 14064 14066 14077 
1 5 13889 14053 14065 14080 14066 
1 9 14028 14029 14030 13871 14027 14025 13872 14023 14022 
1 12 14098 14114 14122 13890 14136 14131 14125 14115 14105 14106 14108 14102 
1 8 14080 14079 14082 14087 14090 14093 14097 14102 
1 2 1809 13831 
2 16 14481 14482 12790 14486 14497 10864 14494 14493 14492 14495 14496 14499 14502 14503 14498 14490 
2 3 14478 14477 14481 
1 14 14503 14504 14520 14519 12703 14516 14514 14561 14534 14533 14531 14509 14506 14521 
1 5 14533 14559 14558 14557 14523 
1 4 14523 14524 14527 14521 
1 11 14561 12845 14565 14564 14554 14553 14551 14549 14535 14545 14544 
1 9 14449 14448 14450 14451 13565 14461 2075 14462 14460 
1 9 14454 14456 14370 14372 2031 14338 14332 14331 14330 
1 2 13567 14372 
1 4 14370 14373 14369 14336 
1 13 14146 2077 14149 14147 14163 14247 14246 14243 14387 14388 14384 14382 14330 
1 19 14326 14327 14324 14323 14318 14319 13093 14314 14313 12823 14311 14306 14305 14301 14300 14272 14276 14285 14286 
1 12 14324 14328 14364 14352 14349 14360 14357 14401 14356 14353 14341 14336 
1 7 14460 14462 13569 14465 13570 14455 14454 
1 6 14146 14152 14154 14169 14150 14163 
1 9 14490 14488 14489 14485 14484 14483 14480 14479 14477 
1 3 14506 14491 14489 
1 8 14615 14614 7993 14613 14611 14608 14607 14565 
